0.0,0.0,0.0
0.33374023,6.18486,7.495529
0.33374023,6.18486,7.495529
0.33374023,6.18486,7.495529
0.28585815,6.1537476,7.593689
0.27149963,6.1705017,7.5170746
0.3193817,6.158539,7.574539
0.30740356,6.18486,7.4213104
0.28585815,6.127411,7.497925
0.28585815,6.127411,7.497925
0.28585815,6.127411,7.497925
0.29544067,6.1401825,7.4899445
0.31459045,6.0867004,7.643173
0.27389526,6.116226,7.605667
0.27389526,6.116226,7.605667
0.30500793,6.042816,7.5418243
0.27308655,6.1162415,7.548996
0.3193817,6.075531,7.552185
0.2682953,6.057968,7.5897064
0.31698608,6.0731354,7.6838684
0.31698608,6.0731354,7.6838684
0.33692932,6.0364227,7.6168365
0.31298828,6.045212,7.6080627
0.36167908,6.0340424,7.5513916
0.348114,6.0364227,7.6120453
0.348114,6.0364227,7.6120453
0.35768127,6.02446,7.621628
0.32815552,6.065155,7.6000824
0.32815552,6.065155,7.6000824
0.32815552,6.065155,7.6000824
0.32815552,6.065155,7.6000824
0.37205505,6.02446,7.5912933
0.43669128,5.993332,7.63678
0.2810669,6.072342,7.552994
0.4390869,6.0819244,7.610443
0.3265686,6.017273,7.6200256
0.33374023,6.0627594,7.5362244
0.43190002,6.0316315,7.6511536
0.3816223,6.048401,7.679886
0.35528564,6.0460052,7.5673523
0.40078735,6.0364227,7.684677
0.39839172,6.041214,7.5912933
0.3600769,6.0460052,7.5649567
0.35290527,6.0460052,7.744522
0.48936462,6.022064,7.586502
0.34092712,6.041214,7.713394
0.37205505,6.000519,7.799591
0.2906494,6.077133,7.418915
0.31219482,6.0819244,7.6224213
0.28346252,6.192047,7.610443
0.35528564,6.0747375,7.5912933
0.30023193,6.120224,7.5673523
0.348114,6.1154327,7.5122833
0.30023193,6.132202,7.4859467
0.36486816,6.0507965,7.684677
0.3313446,6.108246,7.466797
0.34571838,6.096283,7.557785
0.31219482,6.0867004,7.6703033
0.3385315,6.096283,7.5362244
0.32894897,6.1345825,7.502716
0.38641357,6.022064,7.550598
0.32894897,6.108246,7.466797
0.33374023,6.108246,7.703827
0.39360046,6.060364,7.6200256
0.3097992,6.0867004,7.6511536
0.36486816,6.1489563,7.67749
0.40556335,6.113037,7.8019867
0.40556335,6.113037,7.8019867
0.40556335,6.113037,7.8019867
0.45265198,6.117035,7.485962
0.45265198,6.117035,7.485962
0.36247253,6.077133,7.8594513
0.30900574,6.089096,7.857849
0.35928345,6.180084,7.0518036
0.32496643,6.185669,7.548996
0.34571838,6.1074524,7.662323
0.34571838,6.1074524,7.662323
0.29942322,6.1744995,7.425293
0.33773804,6.136978,7.473984
0.3919983,6.117035,7.6806793
0.38082886,6.0938873,7.4763794
0.30262756,6.113846,7.4931335
0.30262756,6.113846,7.4931335
0.45025635,6.0731354,7.454834
0.14060974,6.097885,8.186661
-0.22969055,6.1250153,8.52504
0.6864929,6.0763245,7.243347
0.6864929,6.0763245,7.243347
0.16215515,6.5743256,6.060608
0.20445251,6.578308,7.141983
-0.026992798,6.6150208,7.083725
0.11985779,6.509674,7.220993
0.0033416748,6.640564,7.094101
0.026489258,6.534424,7.0813293
0.026489258,6.534424,7.0813293
0.06478882,6.6222076,6.690277
0.04005432,6.5703278,7.200241
0.09512329,6.5352173,7.0438232
0.17811584,6.4729767,6.68071
0.24276733,6.4226837,8.111633
0.24276733,6.4226837,8.111633
0.5572052,6.468979,7.6136475
-0.061294556,6.5775146,6.7469482
0.12145996,6.4578094,6.6024933
0.3345337,6.6892395,7.8139496
0.8796234,6.378006,7.936859
0.8796234,6.378006,7.936859
0.52767944,6.773041,5.205078
-0.22650146,6.211197,8.29599
-0.06289673,6.611038,7.3127747
0.49813843,6.342087,7.1874695
0.49813843,6.342087,7.1874695
0.27708435,6.652542,6.6384125
0.4015808,6.397949,7.329529
-0.12515259,6.515274,7.468399
0.3544922,6.0228577,7.9687805
0.13981628,6.3181458,7.564163
0.13981628,6.3181458,7.564163
0.48138428,6.5535736,6.7525177
0.49734497,6.5384064,7.2497253
0.6800995,6.5902863,7.164337
0.5603943,6.4905243,7.4779663
0.5891266,6.740326,6.388611
0.5891266,6.740326,6.388611
0.43989563,6.5695343,7.250519
0.19966125,6.8831787,6.7549286
0.35290527,6.63179,7.07016
0.14221191,6.827301,6.7637024
0.14221191,6.827301,6.7637024
0.25074768,6.750702,7.395767
0.14300537,6.8815765,6.916931
-0.019805908,6.970169,6.1228485
-0.1355133,6.9989014,6.2984314
0.018508911,6.8145447,7.2529144
0.018508911,6.8145447,7.2529144
0.36486816,6.801773,7.046219
0.17892456,6.6652985,6.6998596
0.2810669,6.6844635,7.0845337
0.11187744,6.723572,7.235367
0.15498352,6.831299,6.7605133
0.15498352,6.831299,6.7605133
0.16215515,6.6724854,6.940872
-0.22012329,6.7530975,6.9991302
-0.37654114,6.6828613,6.6224365
-0.40527344,6.7754364,6.3088074
1.2068329,5.804184,7.841095
1.1286163,5.8377075,8.512268
1.1286163,5.8377075,8.512268
0.6912842,5.984558,8.03981
0.6840973,6.014084,7.3263397
0.42391968,6.065155,7.6312103
0.32096863,6.145767,7.28244
0.7535248,5.9358673,7.717392
0.7535248,5.9358673,7.717392
0.3800354,6.044403,7.829117
0.63142395,5.924698,7.458023
0.5037384,6.0316315,7.856247
0.66893005,6.0284424,7.620819
0.73835754,6.0906982,7.621628
0.8189697,6.0460052,7.5569763
0.8189697,6.0460052,7.5569763
0.56199646,6.092285,7.6359863
-0.15307617,6.520859,7.477173
0.823761,6.0819244,8.327118
1.4765778,5.559189,10.2009735
1.4765778,5.559189,10.2009735
2.2874146,5.4275055,11.436386
2.5954742,5.6932526,8.104446
3.7462769,4.7443542,8.415695
3.0990448,4.401184,6.5386505
1.8357086,3.367691,8.287216
1.8357086,3.367691,8.287216
2.3871765,2.520935,8.003891
3.000885,1.5137787,7.3287354
2.0503845,2.3318024,9.204987
2.2834167,3.0388794,10.498657
2.5467834,4.3046265,10.730103
2.4518127,3.606308,9.761246
2.4518127,3.606308,9.761246
1.3097839,3.196106,10.594421
1.3097839,3.196106,10.594421
1.3097839,3.196106,10.594421
1.3097839,3.196106,10.594421
1.3097839,3.196106,10.594421
1.3097839,3.196106,10.594421
-3.8106232,4.8433075,5.018326
-4.737976,5.8584595,6.190689
-3.3070374,5.9677887,5.5274963
-4.502548,6.339691,4.690323
-4.502548,6.339691,4.690323
-2.623886,11.269348,5.696686
-6.8161316,8.150513,11.371735
2.4957123,3.7499695,4.226639
2.3361053,5.1338196,1.6464996
1.7766571,7.9134827,5.8139954
1.7766571,7.9134827,5.8139954
-2.923172,7.4434204,7.8035736
-2.2487946,5.7180023,8.392548
-1.9008484,5.548813,8.323929
-1.6287079,5.3205566,8.926468
-1.2911224,5.3413086,9.119598
-1.2911224,5.3413086,9.119598
-1.7117004,5.5392303,7.605667
-0.29992676,5.2216034,7.0653687
-1.7986908,5.8496857,8.454803
-2.3661194,6.310959,9.51384
-0.5114136,5.911133,9.457977
-0.5114136,5.911133,9.457977
2.4965057,5.871231,5.2433777
1.6058655,6.0404205,3.7086945
1.8859863,6.715576,7.963196
2.070343,6.4043427,7.462799
1.1812897,6.7483063,6.9320984
1.1812897,6.7483063,6.9320984
2.2371368,6.406723,6.703842
1.4797668,6.5471954,6.1747284
1.6553497,6.7115936,4.0319214
1.4789734,8.323685,7.628006
0.86924744,9.277374,8.959183
0.86924744,9.277374,8.959183
2.7957764,7.8919373,5.2856903
3.723938,5.8704224,3.3088684
5.4469604,4.763504,0.3352661
1.9298859,6.594284,4.4780426
0.80540466,9.777771,11.940765
0.80540466,9.777771,11.940765
1.2387543,8.583054,10.486694
4.9234314,5.0308685,2.4038544
5.523575,4.760315,-1.4085083
-1.2743683,6.858429,6.4867706
-1.7117004,9.284561,14.959061
0.21643066,7.6014404,11.484268
0.21643066,7.6014404,11.484268
4.453369,4.4474792,3.3870697
6.570633,3.7938538,-1.608017
2.9051208,4.0005646,3.7238617
-2.2719421,7.315735,12.822632
0.7982178,7.0539703,10.771591
0.7982178,7.0539703,10.771591
1.3065948,5.1784973,9.485107
2.6776733,4.691681,6.672714
2.4422455,5.0939026,7.056595
1.4087524,5.519272,7.66951
1.1693268,5.723587,9.17865
1.1693268,5.723587,9.17865
1.4861603,5.5663605,8.575317
1.9490356,5.2694855,7.8434906
1.8500671,5.4618225,7.1770935
1.7447357,5.606262,7.717392
1.4207153,5.737152,7.768463
1.4207153,5.737152,7.768463
1.6976318,5.5615845,7.892166
1.4542389,5.5559845,8.235336
1.7670746,5.510498,7.8809967
1.3656464,5.59111,7.865036
1.6681213,5.513687,7.711014
1.6681213,5.513687,7.711014
1.5484009,5.6469727,7.9879303
1.5460052,5.572754,8.138779
1.6744995,5.563965,7.6599274
1.5340424,5.553589,7.8825836
1.6904602,5.553589,7.945633
1.6904602,5.553589,7.945633
1.2634888,5.7435303,7.9831543
1.5555878,5.6748962,7.904129
1.5555878,5.6748962,7.904129
1.5555878,5.6748962,7.904129
1.4087372,5.6605377,7.6918488
1.3632507,5.7539062,7.7780457
1.3632507,5.7539062,7.7780457
0.55641174,6.2734528,7.5098877
1.4255066,6.4266815,6.8442993
2.0336304,5.677292,7.138794
2.1892548,5.6054688,6.908951
1.2938232,6.113037,7.9791565
1.8660278,6.034027,8.967957
1.7559052,6.0364227,7.77565
2.5962677,5.5168915,7.0573883
1.8349152,5.634201,6.6479797
2.6896362,5.9765778,7.248932
1.9929199,5.974182,8.422089
2.3424835,5.835312,7.0262604
1.3752289,6.127411,6.980774
1.5571747,6.8935547,7.423706
1.233963,6.7786255,7.2130127
2.095871,6.1537476,6.614456
1.6816864,6.5535736,7.574539
2.3736115,6.2040253,6.6264343
-0.48268127,8.105011,7.2082214
0.3026123,6.986923,5.625656
0.74794006,7.025238,5.5131226
-0.6335144,7.006073,5.814804
1.4614105,6.5847015,5.754944
-0.5688629,6.9294586,7.9049377
0.42951965,6.8265076,7.2872314
0.17572021,6.828903,7.6032715
-0.25523376,6.9533997,7.306381
0.13023376,6.7594757,6.9161377
-0.67900085,6.99411,7.5170746
-0.032562256,7.049179,6.870636
-0.91363525,6.831299,6.8490906
1.6960449,6.2566986,6.190689
1.5356293,5.9813538,6.851486
0.5731659,6.1417694,7.4452515
1.2459412,6.1058655,7.87381
1.4877472,6.2638702,7.6990356
0.4103546,6.376404,8.340683
1.5332336,6.235153,7.0573883
0.62823486,6.259094,7.2082214
1.502121,6.2447205,7.0693665
0.48217773,6.3644257,7.514679
1.2914276,6.290207,7.224991
1.1262207,6.2806396,7.4213104
1.0376434,6.254303,7.2800446
1.0543976,6.2806396,7.1770935
0.75512695,6.3117676,7.337509
1.0089111,6.4218903,7.1028748
0.9705963,6.412323,7.3183594
0.65457153,6.3716125,7.272873
0.8293457,6.412323,7.2465363
0.43190002,6.397949,7.253708
1.0280609,6.318939,7.179489
0.76708984,6.393158,7.5793304
0.9993286,6.2806396,7.3829956
0.69047546,6.3596497,7.2441406
0.7694855,6.3404846,7.3351135
0.77667236,6.321335,7.337509
0.565979,6.381195,7.277649
0.723999,6.3835907,7.2441406
0.700058,6.3716125,7.0933075
0.86764526,6.2566986,7.495529
0.8293457,6.2495117,7.385391
0.55641174,6.2830353,7.473984
0.81736755,6.4027405,7.2800446
0.81736755,6.3476715,7.229767
0.72639465,6.302185,7.387787
0.93229675,6.333313,7.490738
0.9083557,6.294998,7.4045563
0.95384216,6.2327576,7.339905
0.779068,6.2638702,7.3351135
0.8796234,6.2997894,7.416519
0.7910309,6.294998,7.3111725
0.69047546,6.3045807,7.3949738
0.6234436,6.345276,7.375824
0.54922485,6.3069763,7.3590546
0.80300903,6.318939,7.265686
0.71681213,6.3357086,7.4308777
0.87483215,6.2758484,7.2321625
1.0639801,6.215988,7.5410156
0.7718811,6.206421,7.442856
1.0424347,6.187256,7.5912933
0.57795715,6.2495117,7.4093323
0.80540466,6.2135925,7.3734283
0.53964233,6.2758484,7.526657
0.67611694,6.2279663,7.4093323
0.72639465,6.2135925,7.4308777
0.78863525,6.2734528,7.5793304
0.992157,6.199234,7.3710327
0.996933,6.206421,7.471588
0.68807983,6.2447205,7.2944183
0.8149719,6.218384,7.416519
0.5731659,6.218384,7.442856
0.71920776,6.235153,7.423706
0.6785126,6.2638702,7.4093323
0.70484924,6.2997894,7.5410156
0.95384216,6.2327576,7.3494873
0.94425964,6.158539,7.447647
0.92510986,6.2566986,7.490738
0.76231384,6.2686615,7.3039856
0.82455444,6.192047,7.4308777
0.5851288,6.242325,7.5912933
0.5803528,6.18486,7.4093323
0.77427673,6.206421,7.4332733
0.44866943,6.3285217,7.4069366
0.77427673,6.2734528,7.351883
0.7599182,6.192047,7.423706
0.91075134,6.168106,7.466797
1.0184784,6.168106,7.507492
0.4750061,6.2638702,7.5314484
0.8101959,6.2758484,7.3590546
0.6354065,6.2447205,7.3303223
0.72639465,6.235153,7.2752686
0.82455444,6.2686615,7.332718
0.6497803,6.3045807,7.4452515
0.81259155,6.247116,7.3829956
0.7144165,6.247116,7.4859467
0.69047546,6.2207794,7.3829956
0.6138611,6.2830353,7.435669
0.7694855,6.321335,7.327942
0.5923157,6.297394,7.2632904
0.64738464,6.2207794,7.447647
0.7646942,6.26149,7.4069366
0.66174316,6.26149,7.4620056
0.8101959,6.271057,7.4021606
0.6425934,6.239929,7.3183594
0.7718811,6.247116,7.289627
0.77667236,6.247116,7.4332733
0.7311859,6.2519073,7.442856
0.6330261,6.309372,7.363846
0.9275055,6.215988,7.363846
0.70484924,6.2375336,7.45961
0.913147,6.2207794,7.4644012
0.64738464,6.2519073,7.392578
0.70484924,6.314148,7.3949738
0.65457153,6.2519073,7.2201996
0.6952667,6.2327576,7.423706
0.7910309,6.239929,7.44046
0.7096405,6.2375336,7.411728
0.7982178,6.290207,7.3231506
0.6497803,6.2758484,7.442856
0.937088,6.239929,7.2704773
0.5731659,6.2519073,7.4620056
0.6234436,6.2758484,7.3351135
0.82455444,6.297394,7.4620056
0.54203796,6.3069763,7.320755
0.84609985,6.2375336,7.2920227
0.6856842,6.254303,7.4332733
0.78385925,6.2327576,7.4644012
0.66893005,6.2997894,7.301605
0.6425934,6.2926025,7.351883
0.7982178,6.2806396,7.308777
0.5923157,6.2447205,7.327942
0.80540466,6.2758484,7.5051117
0.7120209,6.26149,7.4213104
0.76708984,6.2830353,7.248932
0.61146545,6.309372,7.3949738
0.6354065,6.2734528,7.4261017
0.61146545,6.2997894,7.3782196
0.6856842,6.290207,7.3470917
0.5803528,6.254303,7.385391
0.5923157,6.2638702,7.442856
0.46063232,6.352463,7.339905
0.6856842,6.302185,7.289627
0.5085144,6.297394,7.44046
0.9059601,6.247116,7.5362244
0.9155426,6.2016296,7.3159637
0.6378021,6.271057,7.3901825
0.6952667,6.290207,7.3782196
0.64738464,6.247116,7.3231506
0.68807983,6.247116,7.4691925
0.71681213,6.271057,7.471588
0.5252838,6.242325,7.3111725
0.60668945,6.271057,7.3734283
0.7503357,6.239929,7.399765
0.49415588,6.2686615,7.4308777
0.77667236,6.2327576,7.4284973
0.66174316,6.2207794,7.375824
0.64738464,6.271057,7.473984
0.65457153,6.2830353,7.339905
0.6018982,6.266266,7.3542633
0.6018982,6.254303,7.4859467
0.6856842,6.2207794,7.4213104
0.69047546,6.2088165,7.385391
0.68807983,6.318939,7.3901825
0.60668945,6.2638702,7.306381
0.65696716,6.2734528,7.4332733
0.78385925,6.206421,7.442856
0.6809082,6.2375336,7.36145
0.7359772,6.2758484,7.3662415
0.4678192,6.309372,7.4021606
0.70484924,6.2519073,7.4141235
0.75512695,6.2088165,7.416519
0.7287903,6.259094,7.4500427
0.7072449,6.2758484,7.3111725
0.65696716,6.294998,7.3901825
0.6856842,6.2279663,7.392578
0.77667236,6.285431,7.45961
0.7910309,6.2327576,7.3423004
0.6378021,6.2997894,7.3590546
0.7694855,6.294998,7.385391
0.71920776,6.2447205,7.3111725
0.6593628,6.2495117,7.447647
0.7575226,6.2734528,7.411728
0.51091003,6.2926025,7.3423004
0.62583923,6.2926025,7.4021606
0.73835754,6.2638702,7.3423004
0.723999,6.230362,7.4691925
0.62583923,6.2495117,7.356659
0.6952667,6.3045807,7.344696
0.6330261,6.333313,7.375824
0.8556824,6.235153,7.368637
0.67611694,6.206421,7.4308777
0.68807983,6.290207,7.473984
0.61146545,6.2878113,7.272873
0.65696716,6.278244,7.3662415
0.7599182,6.2686615,7.3494873
0.61865234,6.239929,7.3159637
0.86286926,6.266266,7.447647
0.62583923,6.285431,7.4045563
0.5851288,6.2997894,7.3351135
0.6856842,6.314148,7.385391
0.7024536,6.242325,7.3590546
0.77427673,6.218384,7.3829956
0.779068,6.271057,7.363846
0.6378021,6.2758484,7.473984
0.7694855,6.3069763,7.169922
0.5827484,6.2519073,7.337509
0.565979,6.2830353,7.5888977
0.8221588,6.235153,7.3159637
0.7407532,6.266266,7.3183594
0.62823486,6.3285217,7.337509
0.62583923,6.2375336,7.3183594
0.77667236,6.2327576,7.4069366
0.8006134,6.247116,7.4284973
0.53964233,6.297394,7.3973694
0.5827484,6.2638702,7.337509
0.67611694,6.2774353,7.3518677
0.6856842,6.2495117,7.4380646
0.68569946,6.2255707,7.4037476
0.6912689,6.2582855,7.401352
0.6912689,6.2582855,7.401352
0.6234436,6.294998,7.3406982
0.71681213,6.230362,7.379013
0.67930603,6.2255707,7.447647
0.7271881,6.2207794,7.447647
0.6170654,6.263077,7.347885
0.6170654,6.263077,7.347885
0.6170654,6.263077,7.347885
0.6170654,6.263077,7.347885
0.71681213,6.1728973,7.5290527
0.7311859,6.254303,7.562561
0.68330383,6.314148,7.454834
0.56118774,6.381195,7.131607
0.59950256,6.4099274,6.961624
0.49894714,6.436264,6.9592285
0.6018982,6.3907623,7.339905
0.62823486,6.3620453,7.4045563
0.76231384,6.302185,7.4045563
0.6330261,6.3069763,7.301605
0.6162567,6.397949,7.2800446
0.56837463,6.376404,7.253708
0.6713257,6.3476715,7.327942
0.69766235,6.3285217,7.3949738
0.6138611,6.2997894,7.3662415
0.74554443,6.3285217,7.126816
0.565979,6.4649963,7.119644
0.565979,6.4649963,7.119644
0.565979,6.4649963,7.119644
0.59950256,6.3492737,7.2976074
0.75112915,6.290207,7.3766174
0.5875244,6.379593,7.3079834
0.5875244,6.379593,7.3079834
0.4462738,6.4985046,7.13002
0.5500183,6.524048,7.2201843
0.45744324,6.4729767,7.0230713
0.49575806,6.4881287,7.490738
0.59950256,6.4609985,7.367035
0.59950256,6.4609985,7.367035
0.5962982,6.4306793,7.0454254
0.5587921,6.497711,7.0518036
0.5923157,6.485733,7.2904205
0.7918396,6.3644257,7.272873
0.83413696,6.36203,7.25531
0.83413696,6.36203,7.25531
0.68489075,6.4474335,7.2513275
0.77108765,6.4354553,7.1084595
0.7662964,6.4282837,7.20105
0.8101959,6.4163055,6.9999237
0.59869385,6.555969,7.0964966
0.59869385,6.555969,7.0964966
0.59072876,6.555969,7.2960205
0.77427673,6.5072937,7.3574677
0.8069916,6.378006,6.9951477
0.75831604,6.3987427,7.0398254
0.8221588,6.4641876,7.13002
0.8221588,6.4641876,7.13002
0.50613403,6.491333,7.4053497
0.6537628,6.5487823,7.59848
0.6290283,6.6357727,7.1914673
0.61387634,6.5224457,6.4165344
0.73117065,6.6692963,6.9281006
0.73117065,6.6692963,6.9281006
0.6537628,6.506485,7.4276886
0.60827637,6.5192566,7.0142975
0.80540466,6.532028,7.22258
0.4215393,6.5296326,7.126816
0.6138611,6.564743,7.1028748
0.6138611,6.564743,7.1028748
0.6034851,6.551178,7.295212
0.723999,6.5336304,7.1140594
0.655365,6.576721,6.973587
0.48138428,6.6908417,6.9544373
0.6609497,6.628586,7.181885
0.7096405,6.4905243,7.0071106
0.7096405,6.4905243,7.0071106
0.8636627,6.41391,7.1707153
0.7431488,6.5160675,7.090912
0.5340576,6.630188,7.1427765
0.5803528,6.6652985,7.025467
0.6681366,6.5743256,7.0278625
0.6681366,6.5743256,7.0278625
0.6537628,6.5807037,7.3694305
0.0057373047,6.6605225,7.2944183
-0.03895569,5.5591736,4.569809
-3.7906647,5.0595856,8.734924
-1.7508087,5.3604584,9.598434
-1.7508087,5.3604584,9.598434
-5.9263,5.3277435,6.3327484
-2.8697052,5.759491,7.0414276
-3.7260284,5.9677887,6.8945923
-1.5225525,5.4690094,9.071716
-2.9455109,5.4570312,6.007126
-2.9455109,5.4570312,6.007126
-1.5153809,5.816162,7.7285614
-3.5265045,6.063568,6.669525
-4.27829,6.5503845,6.8267517
-1.2863312,5.719589,3.8675232
-2.5177612,3.664566,-0.41412354
-2.5177612,3.664566,-0.41412354
7.8611145,1.7292633,-10.383575
7.8611145,1.7292633,-10.383575
7.8611145,1.7292633,-10.383575
7.8611145,1.7292633,-10.383575
7.8611145,1.7292633,-10.383575
-2.5668335,2.56221,-11.349716
-2.5668335,2.56221,-11.349716
-2.5668335,2.56221,-11.349716
-2.5668335,2.56221,-11.349716
-0.28179932,0.22210693,-9.527008
-0.28179932,0.22210693,-9.527008
-0.28179932,0.22210693,-9.527008
-0.28179932,0.22210693,-9.527008
0.16040039,-0.74801636,-10.425552
0.16040039,-0.74801636,-10.425552
0.16040039,-0.74801636,-10.425552
0.16040039,-0.74801636,-10.425552
0.4771576,-0.947464,-9.788696
0.4771576,-0.947464,-9.788696
0.4771576,-0.947464,-9.788696
0.4771576,-0.947464,-9.788696
0.2204895,-0.12721252,-9.871048
0.2204895,-0.12721252,-9.871048
0.2204895,-0.12721252,-9.871048
0.2204895,-0.12721252,-9.871048
0.46853638,-0.36686707,-9.836105
0.46853638,-0.36686707,-9.836105
0.46853638,-0.36686707,-9.836105
0.46853638,-0.36686707,-9.836105
0.4144287,-0.2742157,-9.83754
0.4144287,-0.2742157,-9.83754
0.4144287,-0.2742157,-9.83754
0.4144287,-0.2742157,-9.83754
0.42185974,-0.2665558,-9.838257
0.42185974,-0.2665558,-9.838257
0.42185974,-0.2665558,-9.838257
0.41371155,-0.27589417,-9.838974
0.41371155,-0.27589417,-9.838974
0.41371155,-0.27589417,-9.838974
0.41371155,-0.27589417,-9.838974
0.41514587,-0.26870728,-9.833466
0.41514587,-0.26870728,-9.833466
0.41514587,-0.26870728,-9.833466
0.41514587,-0.26870728,-9.833466
0.41874695,-0.27253723,-9.834183
0.41874695,-0.27253723,-9.834183
0.41874695,-0.27253723,-9.834183
0.41874695,-0.27253723,-9.834183
0.41131592,-0.27037048,-9.836578
0.41131592,-0.27037048,-9.836578
0.41131592,-0.27037048,-9.836578
0.41131592,-0.27037048,-9.836578
0.41610718,-0.2711029,-9.837769
0.41610718,-0.2711029,-9.837769
0.41610718,-0.2711029,-9.837769
0.41610718,-0.2711029,-9.837769
0.41801453,-0.27182007,-9.8415985
0.41801453,-0.27182007,-9.8415985
0.41801453,-0.27182007,-9.8415985
0.41801453,-0.27182007,-9.8415985
0.41801453,-0.27182007,-9.8415985
0.41801453,-0.27182007,-9.8415985
0.41801453,-0.27182007,-9.8415985
0.41801453,-0.27182007,-9.8415985
0.41801453,-0.27182007,-9.8415985
0.41801453,-0.27182007,-9.8415985
0.41801453,-0.27182007,-9.8415985
0.4175415,-0.27708435,-9.821732
0.4175415,-0.27708435,-9.821732
0.4175415,-0.27708435,-9.821732
0.41993713,-0.27108765,-9.843277
0.41993713,-0.27108765,-9.843277
0.41993713,-0.27108765,-9.843277
0.41874695,-0.27108765,-9.838486
0.41874695,-0.27108765,-9.838486
0.41635132,-0.2758789,-9.849274
0.41635132,-0.2758789,-9.849274
0.41635132,-0.2758789,-9.849274
0.42114258,-0.27348328,-9.840881
0.42114258,-0.27348328,-9.840881
0.42114258,-0.27348328,-9.840881
0.41993713,-0.27468872,-9.842087
0.41993713,-0.27468872,-9.842087
0.41993713,-0.27468872,-9.842087
0.41635132,-0.26390076,-9.845673
0.41635132,-0.26390076,-9.845673
0.41635132,-0.26390076,-9.845673
0.4247284,-0.26989746,-9.843292
0.4247284,-0.26989746,-9.843292
0.4247284,-0.26989746,-9.843292
0.41156006,-0.27108765,-9.839691
0.41156006,-0.27108765,-9.839691
0.41156006,-0.27108765,-9.839691
0.41156006,-0.27108765,-9.839691
0.41156006,-0.27108765,-9.839691
0.41993713,-0.2722931,-9.840881
0.41993713,-0.2722931,-9.840881
0.41993713,-0.2722931,-9.840881
0.42114258,-0.2722931,-9.848068
0.42114258,-0.2722931,-9.848068
0.42114258,-0.2722931,-9.848068
0.4235382,-0.26869202,-9.849274
0.4235382,-0.26869202,-9.849274
0.4235382,-0.26869202,-9.849274
0.4235382,-0.26869202,-9.849274
0.41993713,-0.2651062,-9.842087
0.41993713,-0.2651062,-9.842087
0.41993713,-0.2651062,-9.842087
0.41993713,-0.28067017,-9.846878
0.41993713,-0.28067017,-9.846878
0.42114258,-0.26869202,-9.844482
0.42114258,-0.26869202,-9.844482
0.41993713,-0.26750183,-9.846878
0.41993713,-0.26750183,-9.846878
0.41993713,-0.26750183,-9.846878
0.41993713,-0.26750183,-9.846878
0.41635132,-0.26989746,-9.8528595
0.41635132,-0.26989746,-9.8528595
0.41635132,-0.26989746,-9.8528595
0.41874695,-0.2722931,-9.850464
0.41874695,-0.2722931,-9.850464
0.41874695,-0.2722931,-9.850464
0.41993713,-0.26869202,-9.849274
0.41993713,-0.26869202,-9.849274
0.41993713,-0.26869202,-9.849274
0.41635132,-0.26869202,-9.849274
0.41635132,-0.26869202,-9.849274
0.41635132,-0.26869202,-9.849274
0.41635132,-0.26869202,-9.849274
0.41635132,-0.26869202,-9.849274
0.41635132,-0.26869202,-9.849274
0.41635132,-0.26869202,-9.849274
0.41635132,-0.26869202,-9.849274
0.42233276,-0.2722931,-9.850464
0.42233276,-0.2722931,-9.850464
0.42233276,-0.2722931,-9.850464
0.4139557,-0.26989746,-9.850464
0.4139557,-0.26989746,-9.850464
0.4139557,-0.26989746,-9.850464
0.4175415,-0.26390076,-9.849274
0.4175415,-0.26390076,-9.849274
0.4175415,-0.26390076,-9.849274
0.41275024,-0.26869202,-9.851669
0.41275024,-0.26869202,-9.851669
0.41514587,-0.2662964,-9.857651
0.41514587,-0.2662964,-9.857651
0.41514587,-0.2662964,-9.857651
0.41156006,-0.26750183,-9.850464
0.41156006,-0.26750183,-9.850464
0.41156006,-0.26750183,-9.850464
0.41874695,-0.27108765,-9.850464
0.41874695,-0.27108765,-9.850464
0.41874695,-0.27108765,-9.850464
0.41275024,-0.26989746,-9.848068
0.41275024,-0.26989746,-9.848068
0.41275024,-0.26989746,-9.848068
0.4139557,-0.27108765,-9.850464
0.4139557,-0.27108765,-9.850464
0.4139557,-0.27108765,-9.850464
0.4139557,-0.27108765,-9.850464
0.41514587,-0.26869202,-9.846878
0.41514587,-0.26869202,-9.846878
0.41514587,-0.26869202,-9.846878
0.41514587,-0.26869202,-9.846878
0.4139557,-0.27348328,-9.850464
0.4139557,-0.27348328,-9.850464
0.4139557,-0.27348328,-9.850464
0.4139557,-0.26869202,-9.851669
0.4139557,-0.26869202,-9.851669
0.4139557,-0.26869202,-9.851669
0.4139557,-0.26869202,-9.851669
0.41993713,-0.2662964,-9.850464
0.41993713,-0.2662964,-9.850464
0.41993713,-0.2662964,-9.850464
0.41635132,-0.2722931,-9.8528595
0.41635132,-0.2722931,-9.8528595
0.41635132,-0.2722931,-9.8528595
0.41514587,-0.26869202,-9.844482
0.41514587,-0.26869202,-9.844482
0.4175415,-0.26989746,-9.850464
0.4175415,-0.26989746,-9.850464
0.4175415,-0.26989746,-9.850464
0.41635132,-0.2722931,-9.8528595
0.41635132,-0.2722931,-9.8528595
0.41635132,-0.2722931,-9.8528595
0.41275024,-0.26750183,-9.8528595
0.41275024,-0.26750183,-9.8528595
0.41275024,-0.26750183,-9.8528595
0.41874695,-0.2722931,-9.851669
0.41874695,-0.2722931,-9.851669
0.41874695,-0.2722931,-9.851669
0.41993713,-0.2662964,-9.855255
0.41993713,-0.2662964,-9.855255
0.41993713,-0.2662964,-9.855255
0.41514587,-0.26989746,-9.856461
0.41514587,-0.26989746,-9.856461
0.41514587,-0.26989746,-9.856461
0.41514587,-0.26989746,-9.856461
0.41514587,-0.26989746,-9.856461
0.41514587,-0.26869202,-9.846878
0.41514587,-0.26869202,-9.846878
0.41514587,-0.26869202,-9.846878
0.41635132,-0.26869202,-9.855255
0.41635132,-0.26869202,-9.855255
0.41635132,-0.26869202,-9.855255
0.41514587,-0.2722931,-9.856461
0.41514587,-0.2722931,-9.856461
0.41514587,-0.2722931,-9.856461
0.42233276,-0.27108765,-9.849274
0.42233276,-0.27108765,-9.849274
0.42233276,-0.27108765,-9.849274
0.42233276,-0.27108765,-9.849274
0.41635132,-0.2722931,-9.850464
0.41635132,-0.2722931,-9.850464
0.4103546,-0.26750183,-9.854065
0.4103546,-0.26750183,-9.854065
0.41993713,-0.26989746,-9.854065
0.41993713,-0.26989746,-9.854065
0.41993713,-0.26989746,-9.854065
0.41275024,-0.2758789,-9.851669
0.41275024,-0.2758789,-9.851669
0.41275024,-0.2758789,-9.851669
0.41275024,-0.2758789,-9.851669
0.41635132,-0.27108765,-9.8528595
0.41635132,-0.27108765,-9.8528595
0.41635132,-0.27108765,-9.8528595
0.41635132,-0.2722931,-9.848068
0.41635132,-0.2722931,-9.848068
0.41635132,-0.2722931,-9.848068
0.4139557,-0.26750183,-9.854065
0.4139557,-0.26750183,-9.854065
0.4139557,-0.26750183,-9.854065
0.4139557,-0.26750183,-9.854065
0.4139557,-0.26750183,-9.854065
0.41514587,-0.26989746,-9.850464
0.41514587,-0.26989746,-9.850464
0.41514587,-0.26989746,-9.850464
0.41635132,-0.26989746,-9.857651
0.41635132,-0.26989746,-9.857651
0.41635132,-0.26989746,-9.857651
0.41874695,-0.27468872,-9.851669
0.41874695,-0.27468872,-9.851669
0.41874695,-0.27468872,-9.851669
0.42233276,-0.27108765,-9.8528595
0.42233276,-0.27108765,-9.8528595
0.42233276,-0.27108765,-9.8528595
0.41993713,-0.2662964,-9.855255
0.41993713,-0.2662964,-9.855255
0.41635132,-0.27108765,-9.860046
0.41635132,-0.27108765,-9.860046
